6.322874999999996248e+00
1.332874999999997812e+00
-3.427125000000003752e+00
5.612874999999998948e+00
8.562874999999998238e+00
-6.171250000000014779e-01
-1.187125000000001762e+00
7.252874999999995964e+00
-9.997125000000002260e+00
1.004287499999999866e+01
-5.437125000000001762e+00
1.622874999999996959e+00
1.131287499999999824e+01
-4.897125000000002615e+00
6.212874999999996817e+00
9.402874999999998096e+00
-3.071250000000027569e-01
-7.887125000000002828e+00
-5.447125000000001549e+00
-5.371250000000031832e-01
-6.071250000000034674e-01
4.312874999999998238e+00
-2.167125000000002188e+00
1.345287499999999881e+01
-5.667125000000002188e+00
3.822874999999996248e+00
9.432874999999999233e+00
6.272874999999999091e+00
-1.045712500000000311e+01
3.512874999999997527e+00
2.592874999999999375e+00
-6.457125000000003112e+00
-3.667125000000002188e+00
1.679287499999999511e+01
1.662874999999996106e+00
-1.917125000000002188e+00
-6.071250000000034674e-01
3.792874999999998664e+00
1.464287499999999653e+01
1.013287499999999852e+01
-9.712500000000190425e-02
-1.487125000000002473e+00
7.728749999999990905e-01
-7.137125000000002828e+00
1.208287499999999781e+01
-1.944712500000000333e+01
-7.387125000000002828e+00
-1.771250000000037517e-01
3.262874999999997527e+00
2.562874999999998238e+00
7.632874999999998522e+00
-3.567125000000000767e+00
8.392874999999996533e+00
1.186287499999999895e+01
-1.268712500000000176e+01
-6.737125000000002473e+00
2.102874999999997385e+00
1.164287499999999653e+01
-5.897125000000002615e+00
6.802874999999996675e+00
-1.105712500000000276e+01
-1.177125000000003752e+00
7.628749999999975273e-01
2.612874999999998948e+00
8.402874999999998096e+00
-2.747125000000004036e+00
-1.512712500000000304e+01
-6.367125000000001478e+00
-2.227125000000000909e+00
5.542874999999998664e+00
-6.647125000000002615e+00
1.136287499999999895e+01
6.422874999999997669e+00
-2.357125000000003467e+00
-2.577125000000002331e+00
3.442874999999997243e+00
-5.937125000000001762e+00
-4.897125000000002615e+00
1.202874999999998806e+00
-1.027125000000001620e+00
-1.018712500000000176e+01
-1.108712500000000212e+01
7.942874999999997243e+00
9.028749999999980957e-01
-4.427125000000001975e+00
-2.771250000000016200e-01
3.252874999999995964e+00
4.332874999999997812e+00
-5.697125000000001549e+00
-5.937125000000001762e+00
-1.124712500000000226e+01
2.842874999999999375e+00
-5.157125000000002402e+00
7.942874999999997243e+00
-4.387125000000002828e+00
-1.557125000000002757e+00
5.942874999999997243e+00
6.932874999999999233e+00
6.132874999999998522e+00
-2.807125000000002757e+00
4.332874999999997812e+00
4.722874999999998380e+00
1.041287499999999611e+01
-1.547712500000000269e+01
6.882874999999998522e+00
-1.870712500000000134e+01
-1.138712500000000283e+01
-5.587125000000002117e+00
1.114287499999999653e+01
-1.029712500000000297e+01
-2.457125000000001336e+00
4.902874999999998096e+00
3.287499999999710099e-02
1.372874999999996959e+00
5.472874999999998380e+00
2.962874999999996817e+00
-1.057125000000002757e+00
1.068287499999999923e+01
5.162874999999996106e+00
-1.977125000000000909e+00
1.149287499999999795e+01
-6.671250000000021885e-01
-1.227125000000000909e+00
-1.271250000000030411e-01
5.762874999999997527e+00
2.422874999999997669e+00
-9.057125000000002757e+00
2.392874999999996533e+00
-6.297125000000002970e+00
-9.557125000000002757e+00
-4.317125000000002544e+00
-5.877125000000003041e+00
7.632874999999998522e+00
1.302874999999996675e+00
9.828749999999963904e-01
-7.647125000000002615e+00
2.622874999999996959e+00
-6.137125000000002828e+00
-2.107125000000003467e+00
-9.657125000000002402e+00
-4.427125000000001975e+00
-5.671250000000007674e-01
-6.867125000000001478e+00
-6.667125000000002188e+00
8.532874999999997101e+00
-1.053712500000000318e+01
-2.007125000000002046e+00
-8.927125000000001975e+00
-2.247125000000004036e+00
2.622874999999996959e+00
-1.278712500000000318e+01
4.292874999999998664e+00
2.828749999999971010e-01
-2.537125000000003183e+00
2.612874999999998948e+00
6.632874999999998522e+00
-4.827125000000002331e+00
-7.577125000000002331e+00
7.752874999999995964e+00
9.628749999999968168e-01
-1.784712500000000190e+01
6.892874999999996533e+00
-2.243712500000000176e+01
-5.767125000000001833e+00
7.792874999999998664e+00
-1.367712500000000198e+01
3.102874999999997385e+00
1.198287499999999639e+01
4.882874999999998522e+00
-4.587125000000002117e+00
-9.677125000000001975e+00
8.992874999999997954e+00
-9.027125000000001620e+00
2.282874999999997101e+00
2.162874999999996106e+00
-4.907125000000002402e+00
-4.677125000000001975e+00
3.922874999999997669e+00
1.912874999999996106e+00
-6.117125000000001478e+00
7.632874999999998522e+00
7.832874999999997812e+00
-4.277125000000001620e+00
3.682874999999999233e+00
-4.097125000000001904e+00
2.862874999999998948e+00
3.582874999999997812e+00
-2.053712500000000318e+01
-5.667125000000002188e+00
5.712874999999996817e+00
-1.489712500000000261e+01
1.852874999999997385e+00
9.862874999999998948e+00
-1.186712500000000148e+01
5.928749999999993747e-01
2.282874999999997101e+00
5.062874999999998238e+00
6.012874999999997527e+00
-2.107125000000003467e+00
2.828749999999971010e-01
6.952874999999998806e+00
5.572874999999996248e+00
-1.630712500000000276e+01
8.322874999999996248e+00
1.132874999999998522e+00
3.362874999999998948e+00
5.292874999999998664e+00
-4.667125000000002188e+00
4.962874999999996817e+00
-8.107125000000001691e+00
1.156287499999999824e+01
-3.197125000000003325e+00
1.273287499999999994e+01
-7.287125000000003183e+00
6.242874999999997954e+00
1.394287500000000080e+01
-6.667125000000002188e+00
5.712874999999996817e+00
1.832874999999997812e+00
3.812874999999998238e+00
6.502874999999995964e+00
-2.037125000000003183e+00
-3.197125000000003325e+00
-5.777125000000001620e+00
-6.287125000000003183e+00
3.828749999999985221e-01
-1.577712500000000162e+01
2.952874999999998806e+00
3.562874999999998238e+00
-9.497125000000002260e+00
4.002874999999995964e+00
9.502874999999995964e+00
-2.697125000000003325e+00
-1.050712500000000205e+01
1.642874999999996533e+00
-6.557125000000002757e+00
-6.907125000000002402e+00
-3.537125000000003183e+00
9.502874999999995964e+00
3.128749999999982379e-01
2.552874999999996675e+00
-2.171250000000028990e-01
-9.671250000000028990e-01
4.952874999999998806e+00
-5.847125000000001904e+00
1.392874999999996533e+00
1.672287499999999483e+01
-1.501712500000000361e+01
-7.747125000000002260e+00
-8.317125000000002544e+00
2.172874999999997669e+00
-3.387125000000001052e+00
-1.877125000000003041e+00
-4.797125000000002970e+00
-1.172712500000000269e+01
2.642874999999996533e+00
-6.157125000000002402e+00
-9.387125000000002828e+00
1.573287499999999994e+01
5.092874999999999375e+00
4.602874999999997385e+00
-7.917125000000002188e+00
1.732874999999996390e+00
5.192874999999997243e+00
-3.127125000000003041e+00
2.512874999999997527e+00
3.332874999999997812e+00
2.872874999999996959e+00
6.742874999999997954e+00
1.221287499999999682e+01
-1.486712500000000148e+01
7.712874999999996817e+00
-2.437125000000001762e+00
-1.232712500000000233e+01
-4.347125000000001904e+00
8.362874999999998948e+00
-1.580712500000000276e+01
-1.018712500000000176e+01
4.172874999999997669e+00
-1.229712500000000119e+01
-5.537125000000003183e+00
1.272874999999999091e+00
-1.462712500000000304e+01
-6.371250000000010516e-01
-4.727125000000002686e+00
9.252874999999995964e+00
-1.576712500000000361e+01
1.528749999999980957e-01
-5.417125000000002188e+00
6.028749999999973852e-01
-2.371250000000024727e-01
-4.247125000000002260e+00
8.732874999999996390e+00
3.432874999999999233e+00
8.712874999999996817e+00
4.612874999999998948e+00
-1.636712500000000148e+01
8.792874999999998664e+00
-7.117125000000001478e+00
-2.937125000000001762e+00
-7.557125000000002757e+00
5.428749999999986642e-01
-3.947125000000001549e+00
-7.171250000000028990e-01
6.902874999999998096e+00
2.232874999999996390e+00
3.022874999999999091e+00
-4.417125000000002188e+00
-6.177125000000001975e+00
1.134287499999999937e+01
-4.087125000000002117e+00
6.142874999999996533e+00
2.312874999999998238e+00
2.452874999999998806e+00
-2.267125000000003610e+00
-6.597125000000001904e+00
-7.571250000000020464e-01
-2.907125000000000625e+00
2.728749999999990905e-01
-2.977125000000000909e+00
-1.684712500000000190e+01
-1.100712500000000205e+01
-1.259712500000000190e+01
-9.377125000000003041e+00
2.002874999999995964e+00
4.602874999999997385e+00
5.012874999999997527e+00
-1.164712500000000261e+01
-2.917125000000002188e+00
3.232874999999996390e+00
1.842874999999999375e+00
-5.907125000000002402e+00
1.025287499999999596e+01
1.723287499999999994e+01
-9.827125000000002331e+00
-9.617125000000001478e+00
3.342874999999999375e+00
1.322874999999996248e+00
-8.767125000000001833e+00
-2.137125000000001052e+00
1.363287499999999852e+01
2.712874999999996817e+00
-3.337125000000003894e+00
7.242874999999997954e+00
-1.168712500000000176e+01
-4.387125000000002828e+00
-1.378712500000000318e+01
-1.055712500000000276e+01
-1.727125000000000909e+00
-9.171250000000021885e-01
5.222874999999998380e+00
4.928749999999979536e-01
-7.147125000000002615e+00
9.182874999999999233e+00
-8.207125000000003112e+00
-5.177125000000001975e+00
6.252874999999995964e+00
-3.817125000000000767e+00
6.872874999999996959e+00
1.072874999999996248e+00
4.722874999999998380e+00
4.662874999999996106e+00
4.472874999999998380e+00
-8.171250000000007674e-01
-5.271250000000016200e-01
-6.907125000000002402e+00
2.874999999995964117e-03
6.862874999999998948e+00
-7.017125000000001833e+00
4.732874999999996390e+00
7.972874999999998380e+00
5.052874999999996675e+00
1.110287499999999739e+01
-1.434712500000000190e+01
1.312874999999998238e+00
5.782874999999997101e+00
6.228749999999969589e-01
1.352874999999997385e+00
1.232874999999996390e+00
-3.557125000000002757e+00
5.328749999999971010e-01
7.428749999999979536e-01
-5.217125000000002899e+00
3.672874999999997669e+00
-1.303712500000000318e+01
-1.845712500000000134e+01
9.428749999999972431e-01
2.992874999999997954e+00
8.592874999999999375e+00
-6.297125000000002970e+00
7.428749999999979536e-01
-3.207125000000001336e+00
1.348287499999999994e+01
1.005287499999999667e+01
2.102874999999997385e+00
-4.017125000000001833e+00
-5.347125000000001904e+00
-1.890712500000000063e+01
7.028749999999988063e-01
-1.357125000000003467e+00
-1.515712500000000240e+01
-6.167125000000002188e+00
2.874999999995964117e-03
6.542874999999998664e+00
-3.567125000000000767e+00
-4.871250000000024727e-01
-4.817125000000002544e+00
-6.457125000000003112e+00
-4.617125000000001478e+00
-2.771250000000016200e-01
-8.007125000000002046e+00
7.622874999999996959e+00
5.542874999999998664e+00
4.522874999999999091e+00
-1.261712500000000148e+01
-5.367125000000001478e+00
4.922874999999997669e+00
6.472874999999998380e+00
-1.457712500000000233e+01
1.282874999999997101e+00
-1.347125000000001904e+00
7.472874999999998380e+00
-6.217125000000002899e+00
8.442874999999997243e+00
3.392874999999996533e+00
9.428749999999972431e-01
-4.497125000000002260e+00
-3.257125000000002046e+00
9.732874999999996390e+00
-5.677125000000001975e+00
5.042874999999998664e+00
4.202874999999998806e+00
-4.397125000000002615e+00
-6.237125000000002473e+00
1.942874999999997243e+00
3.682874999999999233e+00
1.182874999999999233e+00
-4.577125000000002331e+00
9.228749999999976694e-01
7.802874999999996675e+00
6.528749999999980957e-01
2.682874999999999233e+00
-6.387125000000002828e+00
1.438287499999999852e+01
8.402874999999998096e+00
1.171287499999999682e+01
6.112874999999998948e+00
2.222874999999998380e+00
5.772874999999999091e+00
-9.807125000000002757e+00
6.287499999999823785e-02
-1.094712500000000155e+01
-7.017125000000001833e+00
-4.207125000000003112e+00
3.702874999999998806e+00
-1.088712500000000283e+01
-1.642712500000000375e+01
4.728749999999983800e-01
4.062874999999998238e+00
-1.400712500000000205e+01
4.442874999999997243e+00
4.592874999999999375e+00
1.255287500000000023e+01
-5.227125000000002686e+00
-1.072712500000000269e+01
-4.337125000000002117e+00
8.082874999999997812e+00
-2.167125000000002188e+00
9.862874999999998948e+00
8.892874999999996533e+00
-4.387125000000002828e+00
-7.027125000000001620e+00
5.512874999999997527e+00
7.162874999999996106e+00
1.258287499999999426e+01
-9.627125000000003041e+00
1.962874999999996817e+00
-7.267125000000001833e+00
-7.257125000000002046e+00
7.692874999999997243e+00
-1.071712500000000290e+01
-1.007125000000002046e+00
-3.397125000000002615e+00
7.482874999999996390e+00
1.231287499999999824e+01
-8.317125000000002544e+00
3.522874999999999091e+00
-1.847125000000001904e+00
8.292874999999998664e+00
1.087287499999999696e+01
4.762874999999997527e+00
1.450287499999999596e+01
1.122287499999999838e+01
-2.627125000000003041e+00
-3.287125000000003183e+00
-1.667125000000002188e+00
-6.167125000000002188e+00
8.882874999999998522e+00
-3.147125000000002615e+00
2.082874999999997812e+00
-7.787125000000003183e+00
-7.617125000000001478e+00
-1.011712500000000148e+01
2.332874999999997812e+00
6.532874999999997101e+00
-3.847125000000001904e+00
-1.270712500000000134e+01
8.192874999999997243e+00
-5.371250000000031832e-01
-5.867125000000001478e+00
-6.407125000000002402e+00
1.111287499999999895e+01
1.242874999999997954e+00
6.382874999999998522e+00
1.202874999999998806e+00
8.262874999999997527e+00
4.512874999999997527e+00
-6.017125000000001833e+00
1.543287499999999568e+01
-1.308712500000000212e+01
6.892874999999996533e+00
-3.397125000000002615e+00
1.112874999999998948e+00
-5.097125000000001904e+00
-1.547125000000001194e+00
7.532874999999997101e+00
7.228749999999983800e-01
1.612874999999998948e+00
2.212874999999996817e+00
1.225287499999999596e+01
2.452874999999998806e+00
6.232874999999996390e+00
1.737287500000000051e+01
6.712874999999996817e+00
8.162874999999996106e+00
1.232874999999996390e+00
2.402874999999998096e+00
2.962874999999996817e+00
-1.204712500000000119e+01
-3.947125000000001549e+00
-3.797125000000001194e+00
2.422874999999997669e+00
-2.431712500000000432e+01
4.912874999999996106e+00
9.812874999999998238e+00
-4.847125000000001904e+00
1.339287499999999653e+01
-1.639712500000000261e+01
4.222874999999998380e+00
5.528749999999966747e-01
-1.119712500000000155e+01
5.042874999999998664e+00
1.299287499999999795e+01
-6.807125000000002757e+00
8.028749999999966747e-01
7.462874999999996817e+00
-1.247712500000000269e+01
-7.177125000000001975e+00
-1.293712500000000176e+01
-7.567125000000002544e+00
5.512874999999997527e+00
1.828749999999992326e-01
-7.527125000000001620e+00
-2.887125000000001052e+00
1.107287499999999625e+01
9.928749999999979536e-01
-4.657125000000002402e+00
2.062874999999998238e+00
-5.017125000000001833e+00
-9.457125000000003112e+00
2.792874999999998664e+00
-5.437125000000001762e+00
2.702874999999998806e+00
6.692874999999997243e+00
-1.319712500000000333e+01
5.252874999999995964e+00
-5.327125000000002331e+00
-1.415712500000000240e+01
1.162874999999996106e+00
1.213287499999999852e+01
5.442874999999997243e+00
-5.671250000000007674e-01
1.254287499999999511e+01
-2.907125000000000625e+00
-1.637125000000001052e+00
1.632874999999998522e+00
-1.887125000000001052e+00
6.232874999999996390e+00
1.237287500000000051e+01
9.642874999999996533e+00
-4.197125000000001549e+00
-2.887125000000001052e+00
-3.697125000000003325e+00
-7.847125000000001904e+00
4.728749999999983800e-01
1.678287499999999710e+01
-8.071250000000027569e-01
7.302874999999996675e+00
-1.477125000000000909e+00
1.049287499999999795e+01
6.622874999999996959e+00
-7.477125000000002686e+00
-1.051712500000000183e+01
2.612874999999998948e+00
-7.247125000000002260e+00
-1.914712500000000261e+01
-1.160712500000000169e+01
1.328749999999985221e-01
-4.747125000000002260e+00
-3.427125000000003752e+00
-9.771250000000009095e-01
-4.127125000000003041e+00
4.432874999999999233e+00
1.832874999999997812e+00
2.962874999999996817e+00
-1.554712500000000119e+01
-2.767125000000003610e+00
-1.154712500000000297e+01
-1.697125000000003325e+00
3.402874999999998096e+00
-2.867125000000001478e+00
-3.667125000000002188e+00
-1.486712500000000148e+01
-4.371250000000017621e-01
-5.257125000000002046e+00
-1.952712500000000162e+01
7.392874999999996533e+00
-1.033712500000000212e+01
-2.167125000000002188e+00
7.022874999999999091e+00
-7.327125000000002331e+00
5.728749999999962483e-01
8.602874999999997385e+00
4.362874999999998948e+00
4.952874999999998806e+00
6.742874999999997954e+00
6.612874999999998948e+00
-1.145712500000000311e+01
5.302874999999996675e+00
1.016287499999999611e+01
-1.767125000000003610e+00
9.412874999999996106e+00
-1.792712500000000375e+01
-3.867125000000001478e+00
8.328749999999978115e-01
1.832874999999997812e+00
-1.818712500000000176e+01
3.982874999999996390e+00
-3.627125000000003041e+00
1.545287499999999881e+01
-1.133712500000000212e+01
-6.767125000000001833e+00
-8.771250000000030411e-01
7.652874999999998096e+00
-1.217125000000002899e+00
-5.877125000000003041e+00
-7.617125000000001478e+00
-3.271250000000023306e-01
-1.640712500000000063e+01
1.496287499999999682e+01
-8.227125000000002686e+00
-1.679712500000000119e+01
-2.087125000000003894e+00
8.328749999999978115e-01
8.322874999999996248e+00
-1.967125000000002899e+00
8.812874999999998238e+00
5.292874999999998664e+00
5.852874999999997385e+00
5.362874999999998948e+00
3.922874999999997669e+00
6.232874999999996390e+00
4.282874999999997101e+00
-2.847125000000001904e+00
4.832874999999997812e+00
1.392287499999999767e+01
-3.677125000000003752e+00
3.022874999999999091e+00
1.304287499999999511e+01
-3.037125000000003183e+00
4.762874999999997527e+00
-4.927125000000001975e+00
1.712874999999996817e+00
1.248287499999999994e+01
-3.297125000000001194e+00
8.972874999999998380e+00
1.010287499999999739e+01
4.272874999999999091e+00
6.482874999999996390e+00
2.428749999999979536e-01
-5.657125000000002402e+00
-1.014712500000000261e+01
2.732874999999996390e+00
9.482874999999996390e+00
-5.207125000000003112e+00
-1.245712500000000134e+01
6.392874999999996533e+00
5.742874999999997954e+00
-4.977125000000002686e+00
-3.197125000000003325e+00
-2.477125000000000909e+00
9.132874999999998522e+00
6.102874999999997385e+00
-4.867125000000001478e+00
-8.747125000000002260e+00
-5.997125000000002260e+00
-1.383712500000000212e+01
1.330287500000000023e+01
1.106287499999999824e+01
-3.107125000000003467e+00
-2.241712500000000219e+01
-3.747125000000004036e+00
7.632874999999998522e+00
1.292874999999998664e+00
1.083287499999999781e+01
7.902874999999998096e+00
8.692874999999997243e+00
-4.247125000000002260e+00
3.492874999999997954e+00
7.512874999999997527e+00
-2.097125000000001904e+00
1.037287499999999696e+01
-6.717125000000002899e+00
1.772874999999999091e+00
-8.371250000000038938e-01
-9.671250000000028990e-01
5.892874999999996533e+00
-4.477125000000002686e+00
-1.167125000000002188e+00
9.302874999999996675e+00
-1.467125000000002899e+00
6.042874999999998664e+00
1.160287499999999739e+01
-2.471250000000040359e-01
4.082874999999997812e+00
9.292874999999998664e+00
-1.757125000000002046e+00
8.752874999999995964e+00
-9.267125000000001833e+00
-1.307125000000002757e+00
1.554287499999999511e+01
1.345287499999999881e+01
-2.015712500000000063e+01
-1.749712500000000404e+01
5.352874999999997385e+00
5.522874999999999091e+00
-3.217125000000002899e+00
-1.030712500000000276e+01
-1.617125000000001478e+00
-1.648712500000000247e+01
-1.830712500000000276e+01
-3.797125000000001194e+00
-7.197125000000001549e+00
-1.614712500000000261e+01
5.362874999999998948e+00
8.122874999999996959e+00
-4.371250000000017621e-01
3.882874999999998522e+00
2.722874999999998380e+00
3.472874999999998380e+00
-1.109712500000000190e+01
2.832874999999997812e+00
-1.331712500000000254e+01
-4.467125000000002899e+00
-1.712500000000360956e-02
-4.787125000000003183e+00
1.202874999999998806e+00
-5.771250000000023306e-01
3.942874999999997243e+00
-3.057125000000002757e+00
-4.871250000000024727e-01
-1.634712500000000190e+01
-1.971250000000033253e-01
1.296287499999999682e+01
3.272874999999999091e+00
2.102874999999997385e+00
-2.717125000000002899e+00
8.432874999999999233e+00
-1.767125000000003610e+00
-1.191712500000000219e+01
1.432874999999999233e+00
2.482874999999996390e+00
-5.467125000000002899e+00
-4.712500000000119371e-02
-2.017125000000003610e+00
-3.667125000000002188e+00
-5.667125000000002188e+00
1.024287499999999795e+01
3.672874999999997669e+00
5.928749999999993747e-01
-1.637712500000000304e+01
-1.355712500000000276e+01
1.228287499999999710e+01
1.053287499999999710e+01
2.952874999999998806e+00
-1.097712500000000269e+01
-1.587125000000003894e+00
-6.571250000000006253e-01
-9.712500000000190425e-02
3.552874999999996675e+00
-5.767125000000001833e+00
2.932874999999999233e+00
-1.323712500000000247e+01
-8.487125000000002473e+00
7.832874999999997812e+00
-1.583712500000000212e+01
-2.827125000000002331e+00
-1.213712500000000105e+01
7.002874999999995964e+00
7.102874999999997385e+00
-8.187125000000001762e+00
-2.077125000000002331e+00
9.212874999999996817e+00
6.742874999999997954e+00
4.282874999999997101e+00
2.322874999999996248e+00
1.486287499999999540e+01
5.682874999999999233e+00
6.522874999999999091e+00
1.212287499999999696e+01
-1.095712500000000311e+01
9.202874999999998806e+00
-8.997125000000002260e+00
3.742874999999997954e+00
1.553287499999999710e+01
-2.977125000000000909e+00
1.628749999999961062e-01
-1.346712500000000290e+01
3.192874999999997243e+00
4.312874999999998238e+00
5.602874999999997385e+00
-1.880712500000000276e+01
9.322874999999996248e+00
-6.377125000000003041e+00
5.412874999999996106e+00
9.892874999999996533e+00
7.402874999999998096e+00
4.192874999999997243e+00
9.122874999999996959e+00
-9.571250000000013358e-01
3.692874999999997243e+00
-4.187125000000001762e+00
-5.747125000000002260e+00
-1.071250000000034674e-01
2.262874999999997527e+00
-8.337125000000002117e+00
-1.687712500000000304e+01
-1.587712500000000304e+01
-1.130712500000000276e+01
6.702874999999998806e+00
1.209287499999999937e+01
-2.457125000000001336e+00
4.422874999999997669e+00
3.642874999999996533e+00
4.528749999999988063e-01
8.962874999999996817e+00
-2.617125000000001478e+00
-1.997125000000004036e+00
-7.237125000000002473e+00
6.662874999999996106e+00
1.061287499999999895e+01
1.480287500000000023e+01
-2.267125000000003610e+00
2.802874999999996675e+00
-1.657125000000000625e+00
6.552874999999996675e+00
-1.012712500000000304e+01
1.792874999999998664e+00
1.512874999999997527e+00
9.772874999999999091e+00
1.162874999999996106e+00
4.252874999999995964e+00
-8.571250000000034674e-01
6.022874999999999091e+00
-1.913712500000000105e+01
8.572874999999996248e+00
3.512874999999997527e+00
-4.567125000000002544e+00
-1.417125000000002188e+00
-2.371250000000024727e-01
-6.847125000000001904e+00
-1.477125000000000909e+00
-3.597125000000001904e+00
2.122874999999996959e+00
3.042874999999998664e+00
-1.145712500000000311e+01
5.142874999999996533e+00
-9.577125000000002331e+00
5.222874999999998380e+00
9.928749999999979536e-01
3.082874999999997812e+00
9.682874999999999233e+00
1.115287499999999810e+01
-1.319712500000000333e+01
4.352874999999997385e+00
-1.971250000000033253e-01
6.642874999999996533e+00
6.512874999999997527e+00
8.572874999999996248e+00
8.212874999999996817e+00
1.612874999999998948e+00
1.372874999999996959e+00
9.602874999999997385e+00
-8.437125000000001762e+00
8.222874999999998380e+00
5.852874999999997385e+00
2.352874999999997385e+00
4.132874999999998522e+00
1.989287499999999653e+01
-3.527125000000001620e+00
5.228749999999990905e-01
-1.238712500000000105e+01
1.146287499999999682e+01
-3.417125000000002188e+00
1.102874999999997385e+00
8.432874999999999233e+00
1.206287499999999824e+01
-5.557125000000002757e+00
-1.367125000000001478e+00
-2.077125000000002331e+00
-3.217125000000002899e+00
5.802874999999996675e+00
8.742874999999997954e+00
1.222287499999999483e+01
-5.867125000000001478e+00
5.228749999999990905e-01
5.482874999999996390e+00
-4.347125000000001904e+00
5.828749999999978115e-01
9.852874999999997385e+00
-5.487125000000002473e+00
-1.257125000000002046e+00
-1.190712500000000240e+01
-3.127125000000003041e+00
-1.946712500000000290e+01
-4.127125000000003041e+00
7.522874999999999091e+00
7.402874999999998096e+00
-3.587125000000003894e+00
2.272874999999999091e+00
-1.182712500000000233e+01
4.962874999999996817e+00
-1.178712500000000318e+01
2.362874999999998948e+00
1.433287499999999426e+01
-2.126712500000000361e+01
-1.058712500000000212e+01
-1.226712500000000361e+01
4.562874999999998238e+00
4.152874999999998096e+00
1.282874999999997101e+00
-8.067125000000002544e+00
2.392874999999996533e+00
1.271287499999999682e+01
-5.071250000000020464e-01
1.234287499999999937e+01
8.792874999999998664e+00
1.062874999999998238e+00
-2.397125000000002615e+00
-1.417125000000002188e+00
-1.204712500000000119e+01
2.642874999999996533e+00
3.432874999999999233e+00
1.033287499999999781e+01
1.084287499999999937e+01
-5.007125000000002046e+00
-1.757712500000000233e+01
-3.171250000000007674e-01
-9.177125000000001975e+00
7.502874999999995964e+00
-8.197125000000001549e+00
5.952874999999998806e+00
-1.277125000000001620e+00
-8.977125000000002686e+00
-1.756712500000000432e+01
5.672874999999997669e+00
7.632874999999998522e+00
-3.107125000000003467e+00
9.852874999999997385e+00
-1.152712500000000162e+01
7.882874999999998522e+00
1.105287499999999667e+01
1.472874999999998380e+00
-6.671250000000021885e-01
-5.671250000000007674e-01
-2.166712500000000219e+01
4.272874999999999091e+00
-8.737125000000002473e+00
1.288287499999999852e+01
8.628749999999989484e-01
-5.871250000000038938e-01
-6.947125000000001549e+00
-1.527125000000001620e+00
-9.771250000000009095e-01
-3.571250000000034674e-01
7.192874999999997243e+00
9.328749999999992326e-01
1.360287499999999739e+01
3.702874999999998806e+00
-2.947125000000003325e+00
6.112874999999998948e+00
-2.667125000000002188e+00
6.772874999999999091e+00
-9.527125000000001620e+00
9.372874999999996959e+00
-5.227125000000002686e+00
-9.147125000000002615e+00
1.067287499999999767e+01
-9.517125000000001833e+00
5.432874999999999233e+00
-1.107712500000000233e+01
5.772874999999999091e+00
1.612874999999998948e+00
-2.437125000000001762e+00
4.722874999999998380e+00
6.902874999999998096e+00
9.872874999999996959e+00
-1.731712500000000432e+01
-1.617125000000001478e+00
-5.227125000000002686e+00
-5.857125000000001691e+00
-5.071250000000020464e-01
3.592874999999999375e+00
-2.957125000000001336e+00
-8.367125000000001478e+00
-1.767125000000003610e+00
-1.905712500000000276e+01
1.180287499999999667e+01
-5.637125000000002828e+00
-9.277125000000001620e+00
-1.697125000000003325e+00
3.612874999999998948e+00
8.412874999999996106e+00
-3.127125000000003041e+00
4.992874999999997954e+00
6.762874999999997527e+00
2.102874999999997385e+00
-1.652712500000000162e+01
-7.712500000000233058e-02
-3.647125000000002615e+00
-1.935712500000000347e+01
5.702874999999998806e+00
2.812874999999998238e+00
6.482874999999996390e+00
7.522874999999999091e+00
9.382874999999998522e+00
-6.867125000000001478e+00
7.287499999999624833e-02
-3.077125000000002331e+00
3.112874999999998948e+00
9.882874999999998522e+00
9.628749999999968168e-01
-2.667125000000002188e+00
4.282874999999997101e+00
-1.187125000000001762e+00
7.782874999999997101e+00
9.032874999999997101e+00
-3.977125000000002686e+00
7.828749999999971010e-01
8.228749999999962483e-01
6.828749999999992326e-01
3.428749999999993747e-01
-4.887125000000002828e+00
-6.097125000000001904e+00
2.692874999999997243e+00
1.828749999999992326e-01
-1.468712500000000176e+01
-9.087125000000002117e+00
4.252874999999995964e+00
-1.310712500000000347e+01
3.232874999999996390e+00
-6.877125000000003041e+00
-4.271250000000037517e-01
9.562874999999998238e+00
-1.300712500000000205e+01
-5.337125000000002117e+00
-1.811712500000000148e+01
3.522874999999999091e+00
-9.487125000000002473e+00
-1.669712500000000333e+01
-3.147125000000002615e+00
5.712874999999996817e+00
4.832874999999997812e+00
8.912874999999996106e+00
6.252874999999995964e+00
-8.977125000000002686e+00
2.312874999999998238e+00
8.712874999999996817e+00
1.552874999999996675e+00
-2.054712500000000119e+01
-6.787125000000003183e+00
-1.171712500000000290e+01
-4.737125000000002473e+00
-6.727125000000002686e+00
3.322874999999996248e+00
-1.678712500000000318e+01
1.356287499999999824e+01
-1.158712500000000212e+01
-7.327125000000002331e+00
5.192874999999997243e+00
3.928749999999965326e-01
1.029287499999999866e+01
2.572874999999996248e+00
-3.417125000000002188e+00
-1.262712500000000304e+01
1.224287499999999795e+01
-2.487125000000002473e+00
-8.571250000000034674e-01
1.657287499999999625e+01
-7.417125000000002188e+00
7.752874999999995964e+00
1.942874999999997243e+00
9.102874999999997385e+00
-2.377125000000003041e+00
2.482874999999996390e+00
-1.987125000000002473e+00
4.592874999999999375e+00
-2.671250000000036096e-01
8.582874999999997812e+00
-6.707125000000003112e+00
-1.067125000000000767e+00
-8.077125000000002331e+00
-2.937125000000001762e+00
5.972874999999998380e+00
2.432874999999999233e+00
-1.221712500000000290e+01
-1.037125000000003183e+00
-1.197125000000003325e+00
8.628749999999989484e-01
1.030287499999999667e+01
-6.927125000000001975e+00
1.328287499999999710e+01
1.141287499999999611e+01
-5.617125000000001478e+00
9.772874999999999091e+00
6.182874999999999233e+00
-1.407125000000000625e+00
1.112874999999998948e+00
-3.027125000000001620e+00
-1.177712500000000162e+01
-9.367125000000001478e+00
-5.527125000000001620e+00
-1.066712500000000219e+01
-1.022712500000000269e+01
1.082287499999999625e+01
-7.947125000000001549e+00
4.192874999999997243e+00
1.060287499999999739e+01
-1.097125000000001904e+00
-5.297125000000002970e+00
-5.457125000000003112e+00
-5.307125000000002757e+00
4.002874999999995964e+00
-2.847125000000001904e+00
-5.837125000000002117e+00
5.422874999999997669e+00
-1.070712500000000311e+01
5.712874999999996817e+00
3.302874999999996675e+00
-7.147125000000002615e+00
1.872874999999996959e+00
-1.836712500000000148e+01
-1.521712500000000290e+01
-2.140712500000000063e+01
9.622874999999996959e+00
-6.307125000000002757e+00
-8.557125000000002757e+00
-1.334712500000000190e+01
7.492874999999997954e+00
3.312874999999998238e+00
-3.017125000000003610e+00
1.090287499999999810e+01
5.592874999999999375e+00
-4.371250000000017621e-01
2.712874999999996817e+00
-1.317125000000000767e+00
7.622874999999996959e+00
-3.537125000000003183e+00
-6.177125000000001975e+00
1.140287499999999810e+01
-9.847125000000001904e+00
3.202874999999998806e+00
1.806287499999999824e+01
-1.014712500000000261e+01
1.082874999999997812e+00
-2.117125000000001478e+00
-6.637125000000002828e+00
-1.827125000000002331e+00
3.782874999999997101e+00
7.092874999999999375e+00
-1.196712500000000290e+01
-2.687125000000001762e+00
2.113287499999999852e+01
1.482874999999996390e+00
1.348287499999999994e+01
6.382874999999998522e+00
1.382874999999998522e+00
-1.183712500000000212e+01
1.250287499999999596e+01
-6.737125000000002473e+00
7.672874999999997669e+00
-6.277125000000001620e+00
2.942874999999997243e+00
6.542874999999998664e+00
1.536287499999999540e+01
-5.477125000000002686e+00
-4.487125000000002473e+00
-8.467125000000002899e+00
-6.587125000000002117e+00
3.762874999999997527e+00
-7.127125000000003041e+00
5.102874999999997385e+00
-6.607125000000001691e+00
-1.361712500000000148e+01
3.262874999999997527e+00
-4.671250000000028990e-01
-6.537125000000003183e+00
-9.547125000000002970e+00
-1.827125000000002331e+00
1.059287499999999937e+01
1.942874999999997243e+00
9.592874999999999375e+00
-4.187125000000001762e+00
-4.617125000000001478e+00
1.102874999999997385e+00
-9.967125000000002899e+00
2.972874999999998380e+00
7.472874999999998380e+00
8.222874999999998380e+00
4.552874999999996675e+00
-6.427125000000001975e+00
1.372874999999996959e+00
1.582287499999999625e+01
-9.077125000000002331e+00
-2.971250000000011937e-01
9.492874999999997954e+00
8.062874999999998238e+00
1.137287499999999696e+01
7.872874999999996959e+00
-6.667125000000002188e+00
-1.771712500000000290e+01
1.147287499999999838e+01
6.002874999999995964e+00
3.492874999999997954e+00
4.242874999999997954e+00
-1.747125000000004036e+00
-4.487125000000002473e+00
6.242874999999997954e+00
-6.957125000000003112e+00
5.042874999999998664e+00
3.228749999999962483e-01
-9.567125000000002544e+00
-1.173712500000000247e+01
-1.267125000000003610e+00
-1.712500000000360956e-02
3.972874999999998380e+00
1.502874999999995964e+00
-1.247125000000004036e+00
-4.267125000000001833e+00
2.982874999999996390e+00
6.722874999999998380e+00
1.097287499999999838e+01
5.072874999999996248e+00
2.212874999999996817e+00
7.262874999999997527e+00
-5.227125000000002686e+00
8.062874999999998238e+00
-1.247712500000000269e+01
3.882874999999998522e+00
1.770287499999999881e+01
-8.317125000000002544e+00
2.422874999999997669e+00
-1.040712500000000240e+01
8.672874999999997669e+00
1.092874999999999375e+00
6.102874999999997385e+00
2.512874999999997527e+00
-5.927125000000001975e+00
9.192874999999997243e+00
9.202874999999998806e+00
-9.297125000000002970e+00
1.032874999999997101e+00
7.282874999999997101e+00
-4.971250000000040359e-01
2.007287499999999625e+01
4.442874999999997243e+00
3.302874999999996675e+00
9.012874999999997527e+00
1.822874999999996248e+00
-1.137712500000000304e+01
5.842874999999999375e+00
-8.647125000000002615e+00
-8.871250000000010516e-01
1.087287499999999696e+01
-2.157125000000000625e+00
3.042874999999998664e+00
2.012874999999997527e+00
9.122874999999996959e+00
3.782874999999997101e+00
2.382874999999998522e+00
-5.367125000000001478e+00
5.528749999999966747e-01
4.502874999999995964e+00
-1.225712500000000205e+01
-3.847125000000001904e+00
-1.473712500000000247e+01
-2.327125000000002331e+00
6.902874999999998096e+00
6.592874999999999375e+00
-2.557125000000002757e+00
8.828749999999985221e-01
-6.807125000000002757e+00
1.131287499999999824e+01
5.432874999999999233e+00
8.662874999999996106e+00
-5.797125000000002970e+00
-1.771250000000037517e-01
4.322874999999996248e+00
-2.071250000000013358e-01
2.572874999999996248e+00
9.342874999999999375e+00
3.792874999999998664e+00
-7.857125000000001691e+00
4.192874999999997243e+00
1.243287499999999568e+01
6.782874999999997101e+00
-1.567125000000000767e+00
-1.007125000000002046e+00
-6.137125000000002828e+00
1.530287500000000023e+01
-3.337125000000003894e+00
-4.287125000000003183e+00
5.642874999999996533e+00
7.012874999999997527e+00
-1.410712500000000347e+01
-7.547125000000002970e+00
9.832874999999997812e+00
5.442874999999997243e+00
-1.056712500000000254e+01
1.752874999999995964e+00
5.262874999999997527e+00
-4.947125000000001549e+00
2.332874999999997812e+00
-1.085712500000000169e+01
-1.167125000000002188e+00
-3.477125000000000909e+00
-7.107125000000001691e+00
-2.207125000000001336e+00
7.392874999999996533e+00
1.079287499999999866e+01
-6.187125000000001762e+00
-4.137125000000002828e+00
2.922874999999997669e+00
-3.287125000000003183e+00
-2.317125000000000767e+00
-2.237125000000002473e+00
5.672874999999997669e+00
-8.067125000000002544e+00
3.182874999999999233e+00
8.922874999999997669e+00
6.582874999999997812e+00
3.552874999999996675e+00
1.287287500000000051e+01
3.362874999999998948e+00
3.152874999999998096e+00
-8.737125000000002473e+00
-4.017125000000001833e+00
5.162874999999996106e+00
-4.777125000000001620e+00
-1.817125000000000767e+00
-2.787125000000003183e+00
7.192874999999997243e+00
1.022874999999999091e+00
2.222874999999998380e+00
6.532874999999997101e+00
5.562874999999998238e+00
-5.477125000000002686e+00
5.222874999999998380e+00
6.028749999999973852e-01
2.622874999999996959e+00
-4.367125000000001478e+00
2.962874999999996817e+00
-6.157125000000002402e+00
-1.497712500000000269e+01
-5.571250000000027569e-01
-2.287125000000003183e+00
2.552874999999996675e+00
-2.317125000000000767e+00
5.342874999999999375e+00
-9.037125000000003183e+00
8.642874999999996533e+00
4.152874999999998096e+00
1.009287499999999937e+01
7.602874999999997385e+00
1.150287499999999596e+01
1.009287499999999937e+01
-3.067125000000000767e+00
-2.377125000000003041e+00
8.862874999999998948e+00
-5.567125000000002544e+00
-7.197125000000001549e+00
9.112874999999998948e+00
3.992874999999997954e+00
-7.557125000000002757e+00
4.862874999999998948e+00
8.322874999999996248e+00
6.692874999999997243e+00
-1.143712500000000176e+01
4.702874999999998806e+00
-1.391712500000000219e+01
3.012874999999997527e+00
1.428749999999965326e-01
-3.717125000000002899e+00
-4.597125000000001904e+00
-8.167125000000002188e+00
5.422874999999997669e+00
3.022874999999999091e+00
6.212874999999996817e+00
1.061287499999999895e+01
2.052874999999996675e+00
1.479287499999999511e+01
7.812874999999998238e+00
-2.036712500000000148e+01
3.612874999999998948e+00
2.992874999999997954e+00
1.692874999999997243e+00
-8.027125000000001620e+00
1.745287499999999881e+01
5.462874999999996817e+00
-1.004712500000000297e+01
-1.054712500000000297e+01
3.102874999999997385e+00
2.732874999999996390e+00
7.142874999999996533e+00
-1.165712500000000240e+01
3.082874999999997812e+00
1.972874999999998380e+00
-8.917125000000002188e+00
8.542874999999998664e+00
-1.677712500000000162e+01
1.174287499999999795e+01
1.253287499999999710e+01
7.552874999999996675e+00
8.902874999999998096e+00
-8.377125000000003041e+00
-7.407125000000002402e+00
-6.317125000000002544e+00
-3.747125000000004036e+00
-6.497125000000002260e+00
6.432874999999999233e+00
5.682874999999999233e+00
1.925287499999999596e+01
-5.371250000000031832e-01
5.762874999999997527e+00
3.862874999999998948e+00
-5.927125000000001975e+00
6.572874999999996248e+00
3.952874999999998806e+00
1.002287499999999909e+01
2.412874999999996106e+00
4.752874999999995964e+00
-4.257125000000002046e+00
4.928749999999979536e-01
-6.071250000000034674e-01
8.602874999999997385e+00
4.042874999999998664e+00
1.562874999999998238e+00
1.204287499999999866e+01
-2.347125000000001904e+00
6.828749999999992326e-01
-4.767125000000001833e+00
-6.007125000000002046e+00
1.241287499999999966e+01
-8.471250000000019043e-01
5.982874999999996390e+00
6.092874999999999375e+00
-5.757125000000002046e+00
-2.827125000000002331e+00
-5.807125000000002757e+00
5.562874999999998238e+00
-1.158712500000000212e+01
-2.171250000000028990e-01
-6.517125000000001833e+00
-2.207125000000001336e+00
4.182874999999999233e+00
-3.407125000000000625e+00
-4.071250000000006253e-01
6.712874999999996817e+00
-6.271250000000030411e-01
-7.971250000000011937e-01
1.085287499999999739e+01
1.156287499999999824e+01
1.502287499999999909e+01
1.018287499999999923e+01
3.122874999999996959e+00
-8.127125000000003041e+00
-4.371250000000017621e-01
-1.015712500000000240e+01
8.512874999999997527e+00
9.592874999999999375e+00
5.332874999999997812e+00
4.462874999999996817e+00
1.442874999999997243e+00
-4.271250000000037517e-01
-1.061712500000000148e+01
-8.671250000000014779e-01
1.478287499999999710e+01
1.932874999999999233e+00
1.354287499999999511e+01
6.222874999999998380e+00
5.842874999999999375e+00
-5.477125000000002686e+00
-2.054712500000000119e+01
-1.473712500000000247e+01
-6.571250000000006253e-01
-3.287125000000003183e+00
2.252874999999995964e+00
3.012874999999997527e+00
-1.244712500000000333e+01
-8.157125000000002402e+00
-5.987125000000002473e+00
9.152874999999998096e+00
-4.507125000000002046e+00
-4.712500000000119371e-02
2.952874999999998806e+00
9.332874999999997812e+00
-3.937125000000001762e+00
-9.377125000000003041e+00
1.202874999999998806e+00
9.872874999999996959e+00
6.152874999999998096e+00
6.052874999999996675e+00
6.928749999999972431e-01
6.172874999999997669e+00
-3.171250000000007674e-01
1.437287500000000051e+01
-2.106712500000000077e+01
-1.827125000000002331e+00
6.512874999999997527e+00
2.512874999999997527e+00
2.282874999999997101e+00
7.712874999999996817e+00
-2.387125000000001052e+00
1.502874999999995964e+00
6.728749999999976694e-01
-1.747125000000004036e+00
8.092874999999999375e+00
4.662874999999996106e+00
2.392874999999996533e+00
9.722874999999998380e+00
-2.010712500000000347e+01
5.662874999999996106e+00
-9.857125000000001691e+00
1.076287499999999753e+01
-1.016712500000000219e+01
1.532874999999997101e+00
-1.310712500000000347e+01
-1.788712500000000105e+01
-4.957125000000003112e+00
-6.757125000000002046e+00
-1.062712500000000304e+01
-1.117712500000000198e+01
1.922874999999997669e+00
-9.867125000000001478e+00
-8.727125000000002686e+00
3.262874999999997527e+00
-1.256712500000000254e+01
1.332874999999997812e+00
1.692287499999999767e+01
2.352874999999997385e+00
4.512874999999997527e+00
-5.071250000000020464e-01
5.872874999999996959e+00
-2.507125000000002046e+00
1.096287499999999682e+01
1.622874999999996959e+00
1.832874999999997812e+00
-6.507125000000002046e+00
-3.867125000000001478e+00
6.612874999999998948e+00
1.062874999999998238e+00
5.922874999999997669e+00
2.628749999999975273e-01
-1.707125000000001336e+00
3.172874999999997669e+00
-4.467125000000002899e+00
1.151287499999999753e+01
5.792874999999998664e+00
7.942874999999997243e+00
1.872874999999996959e+00
-1.185712500000000347e+01
-2.047125000000001194e+00
5.432874999999999233e+00
9.632874999999998522e+00
-1.391712500000000219e+01
4.382874999999998522e+00
3.502874999999995964e+00
-7.457125000000003112e+00
1.269287500000000080e+01
-5.907125000000002402e+00
