-4.788168559110901697e+03
6.896595703991852133e+03
4.788302326283341245e+03
2.740643339309677231e+03
7.357263398404053078e+03
2.259052237791915559e+03
2.199536117047583957e+03
5.028695385806285231e+03
4.827214453141716177e+01
2.922596824985419971e+03
3.594608883271532250e+03
7.800676942360011708e+03
1.000843120831813621e+03
3.666427840892818040e+03
4.189442604181204842e+03
-9.867007043802948829e+03
-3.031078760607441836e+03
-4.520942191982365330e+03
8.370800651833054872e+03
3.916011335075074840e+02
2.751135429389330966e+03
3.364395268270345241e+03
-4.060156463036348100e+02
1.024074831990998246e+04
-5.251167783294190485e+02
-1.377540685103342412e+03
5.528008283364614726e+03
-6.604599583267991875e+03
5.190407964872093544e+03
-1.903303772347795984e+03
-6.511285695013392569e+02
4.783823105337048219e+03
8.761152530728769534e+02
2.435984911139581072e+03
-1.047213105242195343e+04
5.876248221907578227e+03
-4.001962716291622655e+03
4.962466089779743470e+02
-9.942131689123834803e+03
-1.003375126141110741e+04
-7.621759248370842215e+03
3.155237338462247862e+03
8.294614261319392199e+02
-3.597147510978717946e+03
-1.925797343066376925e+03
-1.834559317246017827e+03
-1.825619419770420109e+02
9.212459012156952667e+03
3.421413567562271510e+03
-2.512870916905065314e+03
-5.364418561342635030e+02
-7.437957809734959483e+03
3.774426533106858642e+03
-8.245709755225620029e+03
-8.143796632947352919e+03
8.023047416663303011e+03
-6.665031397866321640e+03
-1.042202488626971899e+03
-6.904970195255877115e+03
5.756107458144827433e+03
2.502869719537403341e+02
-1.102722884033133960e+04
-4.316782160975880288e+03
-7.442752361914884204e+03
-5.218163341693534676e+03
-8.788837679769264923e+02
-9.590305265946024520e+03
-1.256541946107239164e+04
-5.794143862606205403e+03
-2.272414724588245463e+03
7.366415013539782194e+03
7.235026543185105766e+03
3.364958181118395714e+03
7.596702086815557777e+03
1.743055530126268650e+03
-7.450336485207898477e+03
-3.368305933200163054e+03
-8.575473467533416624e+03
-9.624542441527319170e+02
-9.913502933198159326e+02
-1.820320558475233156e+03
4.433362508548389087e+03
7.921237210286474692e+03
-2.126370541346032496e+03
-4.032224700525179287e+03
-2.533396001267772135e+03
2.095425413230234881e+03
1.277663886246737275e+04
9.472057767911754127e+03
6.617039668926087870e+03
5.917167920276162477e+03
9.054140014697610241e+03
3.847378122248966520e+03
6.751948806216914818e+03
-3.394115823065586028e+03
3.609842006819380913e+02
3.690566327994940252e+02
2.358375624850476470e+03
3.495708165059977546e+03
-4.623816260822443525e+01
1.509383054248683948e+03
-5.652879095978022406e+02
-5.729574484786291578e+03
-2.343606027399234506e+02
-2.087736484449820637e+03
3.064053766688229643e+03
8.547053663448714360e+03
1.935089179767526844e+02
-1.609677406140472340e+04
